98 123 

143 129 
278 119 
45 
161 196 

307 313 
257 23 82 229 
244 
239 75 285 122 98 123 


201 
40 50 241 111 64 298 182 203 211 279 
262 
84 
158 

205 
165 267 227 231 260 
37 159 

257 8 116 83 



269 
263 
149 258 
194 217 
156 62 

180 
43 


21 
207 
204 254 
14 134 
192 
235 87 
34 
110 105 300 
4 
302 
150 223 
246 
93 
14 241 
188 205 
115 


233 160 72 
147 110 
123 
113 181 121 
236 304 
214 
197 238 
31 156 
155 
14 111 

287 
254 243 

96 114 239 
126 225 133 
169 
55 233 160 


10 239 285 122 


310 


259 
8 
116 23 
16 


42 235 90 156 209 301 
132 177 
156 
87 156 

290 
49 176 134 
123 206 
162 
69 

10 123 134 0 
190 172 111 
111 208 266 




110 300 44 
147 
217 
184 

105 300 44 147 56 
14 64 190 99 172 100 208 222 224 306 310 308 

58 181 121 
69 239 
52 
83 23 
247 216 
130 259 
278 3 
288 
113 58 181 
10 239 75 285 
10 57 94 98 125 134 182 212 291 0 

123 
70 225 133 
174 210 
272 
2 143 134 255 
259 118 

88 
70 225 126 
40 93 176 98 123 129 173 182 248 265 311 


273 

256 



2 129 

263 
266 148 
110 56 106 
146 266 
29 258 
47 223 
161 
237 
280 
299 
63 
31 62 87 90 89 212 186 206 
170 
17 
21 
55 233 72 
5 151 196 
95 

258 
20 267 260 227 231 

179 

71 
157 

190 99 111 
134 
127 210 
215 
93 134 264 295 252 205 
88 
312 193 
167 
33 
113 58 121 
298 14 123 134 265 

108 

156 212 214 

51 205 
194 
99 172 111 

41 
312 178 
30 189 217 222 
291 
5 161 
61 

219 
218 
13 
305 
14 
254 39 
19 51 188 264 295 252 176 
94 156 
38 234 
100 111 212 214 
87 
127 174 
14 
123 156 186 208 214 

60 186 212 208 
175 
247 117 
30 107 194 
200 
199 
249 

111 194 
150 47 
111 
70 126 133 
250 268 
20 267 260 165 231 

8 
301 
20 267 260 227 165 
296 
55 160 72 
207 
42 87 294 
304 59 
152 
61 310 
10 75 285 122 114 69 

14 50 
277 
254 67 
9 

48 
216 117 
134 
220 
268 226 

176 205 
291 
204 39 67 243 
129 
139 
23 8 
29 149 164 
81 130 118 
165 20 267 227 231 

15 
28 145 303 
176 205 295 
182 134 
100 146 148 
165 20 227 231 260 
250 226 
27 


128 
137 



242 
119 3 
14 
153 




10 239 75 122 

66 
120 289 
288 
92 
123 195 253 


235 
264 176 205 
232 

14 182 
154 
110 105 44 
87 230 
46 
263 
236 59 
202 
111 308 
7 313 
306 111 310 

78 111 238 308 
134 
193 178 
307 7 
