1 0
5 0
9 0
53 0
71 0
116 0
131 0
164 0
169 0
5 1
53 1
71 1
116 1
131 1
164 1
169 1
4 2
13 2
19 2
21 2
30 2
43 2
67 2
68 2
72 2
76 2
89 2
102 2
103 2
105 2
107 2
121 2
124 2
125 2
132 2
135 2
138 2
13 4
19 4
43 4
67 4
72 4
103 4
107 4
121 4
125 4
135 4
138 4
53 5
117 6
155 6
12 7
79 7
89 7
92 7
133 7
10 8
18 8
131 9
18 10
20 11
36 11
128 11
130 11
79 12
82 12
89 12
105 12
19 13
21 13
30 13
34 13
43 13
67 13
68 13
72 13
76 13
78 13
89 13
103 13
107 13
121 13
124 13
125 13
132 13
138 13
147 13
165 13
166 13
24 14
25 14
62 14
74 14
96 14
104 14
40 15
49 15
70 15
84 15
99 15
112 15
166 15
52 16
126 16
147 16
154 16
22 17
56 17
57 17
79 17
88 17
23 18
38 18
61 18
77 18
110 18
118 18
131 18
151 18
21 19
30 19
34 19
43 19
55 19
68 19
72 19
89 19
103 19
121 19
124 19
125 19
138 19
50 20
98 20
30 21
43 21
67 21
68 21
72 21
103 21
121 21
124 21
125 21
129 21
43 22
57 22
68 22
88 22
102 22
105 22
125 22
129 22
135 22
25 24
62 24
74 24
104 24
62 25
74 25
96 25
104 25
136 26
139 26
142 26
155 26
156 26
157 26
46 27
43 30
67 30
68 30
72 30
89 30
103 30
107 30
121 30
124 30
125 30
165 30
36 31
50 31
58 31
100 31
128 31
38 32
54 32
59 32
76 32
111 32
126 32
144 32
124 34
125 34
165 34
90 36
98 36
128 36
161 36
58 37
98 37
108 37
42 38
115 38
126 38
144 38
49 40
84 40
93 40
99 40
103 40
112 40
145 40
166 40
106 41
115 42
57 43
67 43
68 43
72 43
89 43
102 43
103 43
105 43
107 43
121 43
124 43
125 43
129 43
135 43
138 43
165 43
76 44
160 44
166 44
55 45
52 46
114 46
126 46
154 46
159 46
139 47
50 48
58 48
86 48
90 48
98 48
100 48
108 48
130 48
143 48
161 48
167 48
70 49
84 49
99 49
112 49
58 50
81 50
86 50
90 50
98 50
100 50
108 50
128 50
130 50
143 50
161 50
65 52
75 52
76 52
109 52
117 52
120 52
136 52
142 52
147 52
150 52
155 52
157 52
158 52
163 52
76 54
126 54
76 55
63 56
68 56
88 56
88 57
105 57
129 57
135 57
81 58
86 58
90 58
98 58
100 58
108 58
128 58
130 58
143 58
161 58
167 58
76 59
84 59
87 59
93 59
99 59
103 59
112 59
127 59
144 59
160 59
166 59
77 61
118 61
80 62
96 62
104 62
88 63
92 63
94 63
75 65
114 65
120 65
136 65
157 65
163 65
88 66
114 66
122 66
137 66
68 67
72 67
89 67
102 67
103 67
105 67
121 67
125 67
135 67
72 68
88 68
94 68
102 68
103 68
105 68
121 68
124 68
125 68
129 68
135 68
137 68
115 69
93 70
97 70
99 70
112 70
102 72
103 72
107 72
121 72
124 72
125 72
85 73
80 74
96 74
104 74
120 75
136 75
142 75
155 75
156 75
78 76
85 76
93 76
97 76
99 76
103 76
109 76
111 76
119 76
126 76
142 76
144 76
147 76
159 76
162 76
118 77
109 78
142 78
147 78
83 79
88 79
129 79
137 79
96 80
104 80
86 81
90 81
98 81
100 81
108 81
114 81
130 81
143 81
161 81
105 83
129 83
137 83
99 84
112 84
166 84
114 85
90 86
98 86
100 86
143 86
161 86
93 87
127 87
145 87
137 88
92 89
121 89
124 89
125 89
98 90
100 90
108 90
130 90
143 90
161 90
144 91
97 93
99 93
112 93
155 93
102 94
104 96
99 97
100 98
108 98
130 98
143 98
161 98
112 99
108 100
128 100
130 100
143 100
161 100
104 101
103 102
105 102
125 102
107 103
112 103
121 103
124 103
125 103
129 103
160 103
125 105
129 105
135 105
134 106
121 107
124 107
125 107
165 107
130 108
112 109
126 109
119 111
144 111
147 111
145 112
160 112
166 112
114 113
122 113
149 113
122 114
158 114
131 116
157 117
162 117
126 119
144 119
136 120
157 120
124 121
125 121
135 121
138 121
148 122
149 122
125 124
165 124
129 125
135 125
138 125
165 125
144 126
147 126
154 126
159 126
135 129
161 130
133 131
160 131
164 133
142 136
149 139
163 142
161 143
147 144
149 144
166 145
149 148
157 150
157 155
174 171
179 177
